230621 185142.964 0  10000000.00043899940  41000000.05740900340  27083692.50839800020  99999999.99899999800         0.05560910702
230621 185143.056 0   9999999.99969499931  40999999.99940200150  31848109.98020169880  99999999.99899999800         0.00065250695
230621 185143.166 1  10000000.00015800070  41000000.00340700150  99999999.99899999800  99999999.99899999800         0.00275920331
230621 185143.256 0  10000000.00000000000  40999999.98753499980  44487532.41208937020  99999999.99899999800        -0.01246500015
230621 185143.355 0  10000000.00015899910  41000000.03457999970  30713130.71445759760  99999999.99899999800         0.03392810374
230621 185143.465 0  10000000.00011000040  41000000.02822399880  99999999.99899999800  99999999.99899999800         0.02777300030
230621 185143.571 0   9999999.99969499931  41000000.01672299950  40425994.16505882140  27283032.43614500020         0.01797350496
230621 185143.667 0  10000000.00032900090  41000000.01421000060  28404155.83355750140  27115314.74136699740         0.01286110282
230621 185143.757 0   9999999.99996399879  41000000.01191600410  29806624.55219749730  99999999.99899999800         0.01206361502
230621 185143.863 0   9999999.99979200028  41000000.00955599550  30294592.31591800230  99999999.99899999800         0.01040879637
230621 185143.964 0   9999999.99987800047  41000000.02382700150  30930763.18421600010  99999999.99899999800         0.02432720363
230621 185144.055 0  10000000.00017100010  40999999.99974799900  99999999.99899999800  28611068.15624099970        -0.00095310062
230621 185144.165 1   9999999.99959699996  41000000.01351299880  41990515.82553520050  27641897.10512699930         0.01516529918
230621 185144.265 0  10000000.00050099940  40999999.98724000160  25850174.05253900220  28634360.30796799810        -0.01481409371
230621 185144.355 0   9999999.99986499920  40999999.99514099960  27182008.43181199950  27508698.98450899870        -0.00430549681
230621 185144.521 0  10000000.00002400020  41000000.02717500180  29406627.00046399980  99999999.99899999800         0.02707660198
230621 185144.571 0   9999999.99992799945  41000000.00686199960  24819771.16754399980  99999999.99899999800         0.00715720654
230621 185144.667 0  10000000.00010900010  41000000.00850699840  28662861.56010500340  99999999.99899999800         0.00806010514
230621 185144.767 0   9999999.99981699884  41000000.05164600160  32377535.06868899610  99999999.99899999800         0.05239631236
230621 185144.862 0  10000000.00031800010  40999999.98939500000  31252463.31191400070  28547573.55162400010        -0.01190879941
230621 185144.958 0  10000000.00008500000  41000000.00535999980  27493030.15912999960  28858866.57846000050         0.00501150638
230621 185145.065 0  10000000.00018300120  41000000.04854600130  28568835.53923400120  28401648.16829299930         0.04779569805
230621 185145.165 1   9999999.99971999973  40999999.97111800310  28808422.65143999830  28290431.51287800070        -0.02773398906
230621 185145.255 0  10000000.00000000000  41000000.02411900460  30376238.87413400410  27492358.66242699700         0.02411900461
230621 185145.355 0  10000000.00029199940  41000000.03984399880  32286603.17290000240  26807693.50158699600         0.03864680231
230621 185145.455 0   9999999.99995099939  41000000.00200299920  29057515.70130600040  27885512.00069599600         0.00220390409
230621 185145.555 0  10000000.00011099880  41000000.03082299980  99999999.99899999800  99999999.99899999800         0.03036791086
230621 185145.671 0  10000000.00007200060  41000000.01541600380  44327673.88186686490  99999999.99899999800         0.01512080431
230621 185145.761 0   9999999.99969499931  41000000.00700899960  31853447.95926800000  99999999.99899999800         0.00825950503
230621 185145.856 0  10000000.00022000070  40999999.99919500200  30401275.55448900160  99999999.99899999800        -0.00170699507
230621 185145.967 0   9999999.99988999963  41000000.02508600060  99999999.99899999800  99999999.99899999800         0.02553700656
230621 185146.053 0  10000000.00025700030  41000000.03998699780  40010040.23659566040  99999999.99899999800         0.03893329948
230621 185146.163 1  10000000.00015800070  40999999.99204200510  27510844.12901599710  99999999.99899999800        -0.00860579312
230621 185146.253 0   9999999.99995099939  41000000.04749800260  31456838.82200900090  99999999.99899999800         0.04769890755
230621 185146.362 0  10000000.00026899950  40999999.99454499780  31378046.44907299800  99999999.99899999800        -0.00655789673
230621 185146.462 0   9999999.99968300015  41000000.00695699450  28394145.44342000040    460434.80096622690         0.00825669616
230621 185146.563 0   9999999.99981699884  40999999.99032999580  29551897.61171299960  99999999.99899999800        -0.00891969353
230621 185146.669 0  10000000.00036600050  41000000.02347400040  31326388.71865800020  99999999.99899999800         0.02197340131
230621 185146.759 0   9999999.99979200028  40999999.97883299740  32050375.34265100210  99999999.99899999800        -0.02031420171
230621 185146.854 0  10000000.00022000070  41000000.05045500400  29820609.83111299950  25436214.61825000120         0.04955300689
230621 185146.960 0   9999999.99953600019  41000000.01190099870  26542197.77176800370  25517024.64947499710         0.01380340010
230621 185147.070 0   9999999.99970700033  40999999.97587700190  25953939.65643300120  27223206.16684500130        -0.02292169631
230621 185147.160 1  10000000.00051300040  41000000.04409299790  32120750.83872099970  28538272.60795299710         0.04198969901
230621 185147.260 0  10000000.00017100010  40999999.99329599740  31660267.77960199860  28057701.12333400180        -0.00740510225
230621 185147.367 0   9999999.99962100014  41000000.02462400500  31834038.20550600070  27242795.22403600070         0.02617790550
230621 185147.467 0  10000000.00017100010  40999999.99194099750  30920406.17127600310  27151232.87553700060        -0.00876010209
230621 185147.567 0   9999999.99967099912  40999999.99890400470  28652224.45036700000  26666069.30166599900         0.00025290996
230621 185147.670 0  10000000.00043899940  41000000.01711300020  30210208.45859299970  26533035.32250400260         0.01531310380
230621 185147.760 0  10000000.00006099980  41000000.00856000180  99999999.99899999800  99999999.99899999800         0.00830990821
230621 185147.866 0   9999999.99940199964  41000000.03288200500  45328026.03671226650  99999999.99899999800         0.03533381224
230621 185147.957 0  10000000.00019500030  40999999.98913799970  27046229.00116600100  26816692.51945800330        -0.01166149974
230621 185148.055 0  10000000.00003699960  41000000.00676099960  24002771.65895299990  27699620.93888499590         0.00660930574
230621 185148.165 1   9999999.99995099939  40999999.97807600350  27544571.93504700060  99999999.99899999800        -0.02172309160
230621 185148.255 0  10000000.00007300080  41000000.03153300290  28194439.32274200020  99999999.99899999800         0.03123370558
230621 185148.371 0  10000000.00024499930  41000000.00510200110  27452810.83526600150  26984497.08897700160         0.00409750640
230621 185148.461 0   9999999.99952299893  41000000.02442400160  26204965.88112799820  27830804.38291000200         0.02637971193
230621 185148.559 0  10000000.00004900060  40999999.99869800360  27480966.05749499800  99999999.99899999800        -0.00150289387
230621 185148.655 0  10000000.00013400060  41000000.00349999960  99999999.99899999800  99999999.99899999800         0.00295060128
230621 185148.755 0  10000000.00006200000  41000000.02848099920    558764.35233558621  99999999.99899999800         0.02822680026
230621 185148.853 0   9999999.99988999963  41000000.00104899700  42023777.17766371370  30676517.41466099770         0.00150000304
230621 185148.953 0   9999999.99975600094  41000000.02202100310  30539372.42210700360  28446971.61158499870         0.02302139997
230621 185149.059 0  10000000.00073199900  41000000.00230699780  30632916.69267000260  29011828.25340500100        -0.00069419295
230621 185149.159 1   9999999.99929200113  41000000.03708399830  99999999.99899999800  28132440.66806700080         0.03998679668
230621 185149.259 0   9999999.99985400028  40999999.96882399920  58907612.31214144080  99999999.99899999800        -0.03057739884
230621 185149.379 0  10000000.00054899980  41000000.01971299950  29551927.42581800000  99999999.99899999800         0.01746210456
230621 185149.459 0   9999999.99960900098  41000000.02933499960  32122942.34616700190  99999999.99899999800         0.03093809634
230621 185149.555 0  10000000.00002500040  41000000.03332600000  32258373.78405699880  99999999.99899999800         0.03322350234
230621 185149.665 0  10000000.00009699910  41000000.00636100020  33246102.21751799810  25112295.94709500300         0.00596331060
230621 185149.755 0   9999999.99974399991  41000000.04578600080  29237506.34323699770  25550488.22827100010         0.04683560133
230621 185149.856 0   9999999.99990200065  41000000.01872500030  28922768.64306599650  99999999.99899999800         0.01912680268
230621 185149.958 0  10000000.00013400060  40999999.99539899830  99999999.99899999800  99999999.99899999800        -0.00515040010
230621 185150.055 0  10000000.00000000000  41000000.02681700140  45605840.10183554890  99999999.99899999800         0.02681700140
230621 185150.168 1   9999999.99979300052  41000000.01441999520  31330992.97069700060  99999999.99899999800         0.01526869833
230621 185150.258 0  10000000.00011000040  41000000.03508099910  99999999.99899999800  99999999.99899999800         0.03463000059
230621 185150.355 0   9999999.99995099939  41000000.01306000350  45868429.85490515830  99999999.99899999800         0.01326090842
230621 185150.475 0   9999999.99984100088  41000000.03103300180  29902994.91108399630  99999999.99899999800         0.03168490529
230621 185150.555 0  10000000.00025600010  41000000.01086200030  27887269.46458700300  99999999.99899999800         0.00981240720
230621 185150.661 0   9999999.99986599945  41000000.01130600270  27732259.33314300330  99999999.99899999800         0.01185540855
230621 185150.761 0   9999999.99990300089  41000000.02282600100  33883655.73953799900  27943201.61257899930         0.02322369814
230621 185150.862 0   9999999.99981699884  40999999.99720600250  29762025.63187300410  25957042.54338400070        -0.00204368681
230621 185150.957 0  10000000.00028000030  41000000.02546299990  24610506.30673199890  99999999.99899999800         0.02431499958
230621 185151.073 0   9999999.99929200113  40999999.99885100130  99999999.99899999800  99999999.99899999800         0.00175379962
230621 185151.153 1  10000000.00050099940  41000000.02373199910  53366217.37492077800  99999999.99899999800         0.02167790383
230621 185151.263 0   9999999.99949900061  41000000.00034300240  99999999.99899999800  99999999.99899999800         0.00239710510
230621 185151.369 0  10000000.00081800110  41000000.03558199850  44382658.79180225730  28857193.05893499780         0.03222819418
230621 185151.459 0   9999999.99995199963  41000000.01596900080  31332745.57011099900  27815230.27255900200         0.01616580784
230621 185151.564 0   9999999.99985300004  40999999.99820300190  99999999.99899999800  29548653.11919499930        -0.00119429827
230621 185151.665 0   9999999.99954799935  41000000.02441400290   9521765.48647165112  99999999.99899999800         0.02626720816
230621 185151.755 0  10000000.00043999960  41000000.04880400000  29064172.91526418550  99999999.99899999800         0.04700000584
230621 185151.869 0   9999999.99953600019  41000000.00100100040  31325417.85417500140  99999999.99899999800         0.00290340185
230621 185151.965 0  10000000.00024399910  41000000.01882600040  31027134.06594300270  99999999.99899999800         0.01782561094
230621 185152.056 0  10000000.00004900060  41000000.00355199720  99999999.99899999800  26356681.84377499670         0.00335109979
230621 185152.158 1   9999999.99998800084  41000000.05450300130  41605683.52624649550  27894334.33330100030         0.05455220491
230621 185152.258 0  10000000.00024399910  40999999.96846599880  28025670.28510800000  99999999.99899999800        -0.03253439069
230621 185152.364 0   9999999.99973100051  40999999.98713500050  28516800.99095500260  99999999.99899999800        -0.01176209748
230621 185152.464 0  10000000.00018300120  41000000.07412499930  27965948.98865300420  99999999.99899999800         0.07337469608
230621 185152.554 0   9999999.99969499931  41000000.00224599990  99999999.99899999800  99999999.99899999800         0.00349650532
230621 185152.664 0   9999999.99979300052  41000000.00225500020  43250416.52014166120  27697242.51450200010         0.00310370326
230621 185152.754 0  10000000.00036600050  40999999.98689199980  29007183.92338799690  27664470.30294200030        -0.01460859925
230621 185152.871 0  10000000.00009699910  41000000.01521100100  31657189.66761500020  27726429.66950700060         0.01481331140
230621 185152.966 0   9999999.99963399954  41000000.04518999900  30867021.91582699860  99999999.99899999800         0.04669060558
230621 185153.055 0  10000000.00064700100  40999999.97947699580  30361455.15574300290  99999999.99899999800        -0.02317570150
230621 185153.166 1   9999999.99951200001  41000000.03953900190  30270883.01407500360  99999999.99899999800         0.04153980315
230621 185153.266 0  10000000.00019500030  41000000.01777200400  30825866.49709399790  99999999.99899999800         0.01697250456
230621 185153.356 0  10000000.00012299980  41000000.00851099940  32628186.38623099770  28862919.01468500120         0.00800670683
230621 185153.456 0   9999999.99965699948  41000000.03252999480  32305135.82283299790  27003403.45142200220         0.03393629938
230621 185153.566 0  10000000.00033000110  40999999.99774499980  31687779.30852700020  99999999.99899999800        -0.00360800326
230621 185153.656 0   9999999.99957299978  41000000.02458100020  31163601.07230199870  99999999.99899999800         0.02633170784
230621 185153.763 0  10000000.00035399940  41000000.00570300220  32488377.27882700040  27270193.34003899990         0.00425160676
230621 185153.870 0  10000000.00013400060  41000000.01196400080  99999999.99899999800  24982360.09932199870         0.01141460240
230621 185153.956 0   9999999.99971999973  41000000.04033000020   4064826.64044034621  26575451.28945900130         0.04147800803
230621 185154.057 0   9999999.99979200028  40999999.97508599610   8580277.80960146152  30512588.27313300220        -0.02406120300
230621 185154.153 1  10000000.00002400020  41000000.00510200110  43540666.71207096430  99999999.99899999800         0.00500360131
230621 185154.253 0   9999999.99990300089  41000000.04683999720  30967227.85110500080  99999999.99899999800         0.04723769426
230621 185154.359 0  10000000.00065900010  41000000.00616499780  99999999.99899999800  99999999.99899999800         0.00346310437
230621 185154.469 0   9999999.99957299978  40999999.98417899760   2984048.50285056699  99999999.99899999800        -0.01407029480
230621 185154.559 0  10000000.00050000100  41000000.02933499960   2714636.80290600238  99999999.99899999800         0.02728500217
230621 185154.669 0   9999999.99973200075  40999999.97837999460  49503725.11342218520  29347253.33189599960        -0.02052120119
230621 185154.764 0   9999999.99993799999  41000000.04168500010  32625801.40552400050  27488998.38297799970         0.04193920642
230621 185154.872 0  10000000.00037899990  40999999.98048299550  99999999.99899999800  99999999.99899999800        -0.02107089758
230621 185154.962 0   9999999.99896200001  41000000.04078400140  58669951.05981703100  99999999.99899999800         0.04503980279
230621 185155.060 0  10000000.00073299930  40999999.99165000020  99999999.99899999800  28580283.74996399880        -0.01135529578
230621 185155.166 1  10000000.00017100010  41000000.04003600030  44930646.62690180540  27218100.94895000010         0.03933490068
230621 185155.256 0   9999999.99977999926  40999999.99199400100  28765365.48831699790  28003499.37784999980        -0.00710399449
230621 185155.356 0   9999999.99970700033  41000000.01461000000  30202996.05168499800  27734177.85584099960         0.01581130177
230621 185155.466 0  10000000.00019600060  41000000.02481900160  30924381.15006100010  26733873.78010299800         0.02401540428
230621 185155.556 0  10000000.00026799920  41000000.02823399750  99999999.99899999800  26998307.32426700000         0.02713520080
230621 185155.676 0   9999999.99969499931  40999999.98103100060  46228459.83964361250  28409280.72766200080        -0.01771849394
230621 185155.756 0  10000000.00013400060  41000000.01992200320  30527025.05409500000  99999999.99899999800         0.01937260479
230621 185155.858 0  10000000.00028000030  41000000.03843799980  30916089.68408200140  99999999.99899999800         0.03728999943
230621 185155.958 0   9999999.99989099987  40999999.99774499980  31464414.47004400190  99999999.99899999800        -0.00180809945
230621 185156.054 0  10000000.00031699980  41000000.00219800320  31315668.27583000060  99999999.99899999800         0.00089830905
230621 185156.160 1  10000000.00039099900  40999999.99710600080  99999999.99899999800  31041758.27222200110        -0.00449708849
230621 185156.260 0   9999999.99932899885  41000000.01296500120  10980025.78308552880  28311117.60344300050         0.01571611315
230621 185156.370 0   9999999.99998700060  41000000.03322599830  30125230.21578653160  30456296.22778300200         0.03327929974
230621 185156.460 0   9999999.99998800084  41000000.00524999950  29179281.14086899910  99999999.99899999800         0.00529920310
230621 185156.556 0  10000000.00017100010  41000000.00650399920  27772851.68967299910  99999999.99899999800         0.00580289960
230621 185156.676 0  10000000.00039099900  41000000.01682300120  28597868.64311499890  99999999.99899999800         0.01521991193
230621 185156.756 0   9999999.99982899986  41000000.00264599920  99999999.99899999800  99999999.99899999800         0.00334710628
230621 185156.854 0  10000000.00034100000  41000000.03384099900  42690512.82161056250  27476421.42065499720         0.03244290501
230621 185156.954 0   9999999.99993900023  41000000.02526800330  29095556.53894700110  25630847.23016299680         0.02551810443
230621 185157.056 0  10000000.00006099980  41000000.03298299760  31936193.52086099980  99999999.99899999800         0.03273290396
230621 185157.160 1   9999999.99986599945  40999999.97227600220  33269807.31394100190  99999999.99899999800        -0.02717459202
230621 185157.260 0  10000000.00003699960  41000000.04640100150  32320346.27706300090  26894940.93068800120         0.04624930769
230621 185157.370 0   9999999.99946200103  41000000.01731000100  29435436.27948000280  27437843.11903100090         0.01951579750
230621 185157.460 0  10000000.00086699980  40999999.95795699950  99999999.99899999800  27993999.42861299960        -0.04559769481
230621 185157.560 0   9999999.99962199852  41000000.04219999910  43141547.38561033460  26140359.16953099890         0.04374980927
230621 185157.669 0  10000000.00006099980  40999999.98642399910  99999999.99899999800  26986535.45601800080        -0.01382609457
230621 185157.759 0   9999999.99993900023  41000000.04620599750  42859155.80076877030  99999999.99899999800         0.04645609856
230621 185157.871 0  10000000.00006099980  40999999.96861500290  31896223.99417799710  99999999.99899999800        -0.03163509071
230621 185157.961 0  10000000.00023199990  41000000.03818500040  99999999.99899999800  99999999.99899999800         0.03723380715
230621 185158.057 0   9999999.99941400066  40999999.81287899610  42168899.97901046280  99999999.99899999800        -0.18471840024
230621 185158.160 1  10000000.00006099980  40999999.62583100050  30495579.35963099820  99999999.99899999800        -0.37441909313
230621 185158.260 0   9999999.99990300089  41000000.00229299810  31852157.25316800180   2962277.24621382495         0.00269069523
230621 185158.370 0   9999999.99990200065  41000000.02472899850  99999999.99899999800  99999999.99899999800         0.02513080090
230621 185158.460 0   9999999.99979200028  41000000.00901199880  41957551.41559004780  26163681.77249800040         0.00986479968
230621 185158.570 0   9999999.99995199963  41000000.01846800000  27769269.47099000220  29212704.28996600210         0.01866480708
230621 185158.655 0   9999999.99981699884  41000000.00595600160  29433856.36621099710  99999999.99899999800         0.00670631230
230621 185158.755 0   9999999.99990200065  40999999.96530999990  28013750.73083499820  99999999.99899999800        -0.03428819776
230621 185158.862 0   9999999.99992599897  41000000.05676300080  99999999.99899999800  99999999.99899999800         0.05706641078
230621 185158.962 0  10000000.00031800010  41000000.00000000000   1757950.32213026891  99999999.99899999800        -0.00130379945
230621 185159.053 0   9999999.99971899949  40999999.96761300410  99999999.99899999800  29849760.44060099870        -0.03123489022
230621 185159.160 1   9999999.99997499958  41000000.03003099560  42233044.22171686590  29275195.72322399910         0.03013350070
230621 185159.261 0   9999999.99981699884  41000000.00150199980  29704596.20711699870  28190172.47779800000         0.00225231051
230621 185159.356 0  10000000.00056199920  41000000.04594399780  32107672.08273900300  26653821.14565800130         0.04363980144
230621 185159.456 0   9999999.99982899986  41000000.03168100120  29064799.95893599840  26674875.69244400040         0.03238210827
230621 185159.556 0  10000000.00014599970  41000000.00996099410  29756950.18243400010  99999999.99899999800         0.00936239958
230621 185159.665 0  10000000.00052599980  40999999.96661200370  30576855.80523699890  99999999.99899999800        -0.03554458916
230621 185159.755 0   9999999.99941400066  41000000.01306000350  29778508.11823700000  26917387.68957800420         0.01546260715
230621 185159.867 0  10000000.00018300120  41000000.03679300100  29766181.40325900170  27141442.95432200280         0.03604269773
230621 185159.957 0   9999999.99987700023  40999999.97672100370  99999999.99899999800  29458864.04345700140        -0.02277469635
230621 185200.053 0  10000000.00007400100  41000000.00350499900  42965139.12437683340  28233422.23573900010         0.00320159644
230621 185200.169 1   9999999.99993900023  41000000.02252100410  29959930.19162599740  99999999.99899999800         0.02277110517
230621 185200.259 0   9999999.99987800047  41000000.00841099770  29123962.43798799810  99999999.99899999800         0.00891119987
230621 185200.356 0  10000000.00001199920  41000000.00350499900  27184170.98149500040  27358787.64299299940         0.00345580280
230621 185200.456 0  10000000.00004900060  41000000.04019699990  99999999.99899999800  26634395.97074000160         0.03999610245
230621 185200.556 0  10000000.00025600010  40999999.99824099990  55969413.63455160710  26452064.46208199860        -0.00280859321
230621 185200.671 0   9999999.99991500005  41000000.00730900470  99999999.99899999800  25934313.56954600290         0.00765750557
230621 185200.771 0   9999999.99991399981  41000000.00780099630  53577282.42977998410  27133624.12971200050         0.00815360248
230621 185200.854 0   9999999.99990300089  41000000.02168200160  29368276.57769199830  99999999.99899999800         0.02207969874
230621 185200.965 0  10000000.00004900060  41000000.00289500500  28866954.44331599770  99999999.99899999800         0.00269410759
230621 185201.071 0  10000000.00036600050  41000000.02632600070  99999999.99899999800  99999999.99899999800         0.02482540160
230621 185201.161 1  10000000.00009699910  40999999.98318199810  43114525.60733291510  99999999.99899999800        -0.01721569151
230621 185201.261 0   9999999.99997599982  41000000.02112799880  30280818.93445400150  99999999.99899999800         0.02122640610
230621 185201.371 0   9999999.99956100062  40999999.97212000190  29699455.51404200120  99999999.99899999800        -0.02608009428
230621 185201.471 0  10000000.00050000100  40999999.99689999970  30849504.27662000060  99999999.99899999800        -0.00514999777
230621 185201.561 0   9999999.99975600094  41000000.02631700040  32385964.26490500200  99999999.99899999800         0.02731739730
230621 185201.661 0  10000000.00012199950  41000000.00190699850  99999999.99899999800  28755728.71773600210         0.00140680373
230621 185201.761 0  10000000.00019500030  41000000.02077600360   6027275.00243932381  99999999.99899999800         0.01997650415
230621 185201.857 0   9999999.99998800084  40999999.97766999900  55461827.12106946110  25469024.08408210050        -0.02228079736
230621 185201.958 0   9999999.99966999888  40999999.97948200260  99999999.99899999800  99999999.99899999800        -0.01916498691
230621 185202.050 0  10000000.00009799940  41000000.04473599790  42938009.82936972380  28680995.25146500020         0.04433420300
230621 185202.161 1  10000000.00001199920  41000000.00405400250  32242849.56645600130  99999999.99899999800         0.00400480628
230621 185202.261 0  10000000.00009799940  41000000.01046100260  32742003.60572500150  99999999.99899999800         0.01005920768
230621 185202.372 0   9999999.99996300042  41000000.00016199800  31241285.27871100230  99999999.99899999800         0.00031369925
230621 185202.462 0  10000000.00043999960  41000000.02366600190  32160123.80674399810  29230130.30857000130         0.02186200768
230621 185202.572 0   9999999.99952399917  40999999.98329199850  31162720.33851899950  99999999.99899999800        -0.01475639641
230621 185202.667 0   9999999.99990200065  41000000.00028999900  99999999.99899999800  99999999.99899999800         0.00069180131
230621 185202.767 0  10000000.00059800040  41000000.03253500160  44724609.92836874720  25239653.67496650290         0.03008320183
230621 185202.856 0   9999999.99975600094  41000000.00450100000  29132331.99528799950  99999999.99899999800         0.00550139695
230621 185202.956 0   9999999.99995099939  40999999.98994399610  99999999.99899999800  99999999.99899999800        -0.00985509902
230621 185203.082 0   9999999.99976800010  41000000.01091000440   3507772.55502330558  99999999.99899999800         0.01186120510
230621 185203.164 1   9999999.99985300004  40999999.98854099960  45141699.84647151830  99999999.99899999800        -0.01085630059
230621 185203.254 0  10000000.00059900060  41000000.03667899970  99999999.99899999800  99999999.99899999800         0.03422310203
230621 185203.354 0   9999999.99976800010  40999999.98524200170  44960382.11692962800  99999999.99899999800        -0.01380679756
230621 185203.464 0  10000000.00034200030  40999999.99834000320  30992549.64495500180  30089273.35299099980        -0.00306219608
230621 185203.554 0   9999999.99975600094  41000000.00490699710  30947730.72632499780  99999999.99899999800         0.00590739399
230621 185203.665 0  10000000.00019500030  41000000.02888199690  32561887.37808199970  99999999.99899999800         0.02808249742
230621 185203.755 0   9999999.99980499968  41000000.00951299820  28502221.75868200140  99999999.99899999800         0.01031250507
230621 185203.880 0   9999999.99987800047  40999999.97787899520  28482592.51270499830  26858648.99470199640        -0.02162080258
230621 185203.960 0  10000000.00012199950  41000000.00334300100  99999999.99899999800  99999999.99899999800         0.00284280628
230621 185204.053 0  10000000.00012099930  41000000.01767599580  51291069.88422397520  99999999.99899999800         0.01717989892
230621 185204.164 1  10000000.00017100010  40999999.99263799940  99999999.99899999800  28850427.28227499870        -0.00806310028
230621 185204.254 0   9999999.99969499931  41000000.02342700210   9294613.17943472602  99999999.99899999800         0.02467750758
230621 185204.354 0   9999999.99979300052  40999999.98763599990   8672880.53405150399  99999999.99899999800        -0.01151529700
230621 185204.474 0  10000000.00020699950  40999999.99844999610  40901015.71598372610  99999999.99899999800        -0.00239869952
230621 185204.554 0   9999999.99961000122  41000000.01586899910  29979376.51115459950  99999999.99899999800         0.01746799797
230621 185204.674 0  10000000.00051200020  40999999.99654299770  28332050.10808359830  99999999.99899999800        -0.00555619597
230621 185204.754 0   9999999.99981699884  40999999.99628999830  28983101.58727739750  27140168.68670599910        -0.00295969099
230621 185204.872 0   9999999.99971899949  41000000.00586099920  31194597.49893780050  99999999.99899999800         0.00701310486
230621 185204.962 0  10000000.00035399940  40999999.99344299730  29230720.55114720020  99999999.99899999800        -0.00800839812
230621 185205.057 0  10000000.00002500040  40999999.99675299970  30903195.32046390320  99999999.99899999800        -0.00334949791
230621 185205.160 1  10000000.00007300080  41000000.01911599930  29452847.00292509790  99999999.99899999800         0.01881670207
230621 185205.270 0   9999999.99973200075  41000000.02597799900  28123135.23473360020  99999999.99899999800         0.02707680315
230621 185205.370 0  10000000.00042600000  41000000.00189299880  26904748.94055940210  29302765.15883800020         0.00014640391
230621 185205.470 0   9999999.99943900108  41000000.00781099500  29944421.71696320180  99999999.99899999800         0.01011109352
230621 185205.570 0  10000000.00047700110  41000000.00900699940  30580745.70037079980  99999999.99899999800         0.00705129653
230621 185205.656 0   9999999.99934099987  41000000.03283999860  28167971.42709999900  99999999.99899999800         0.03554189950
230621 185205.756 0  10000000.00040300000  41000000.00439199810  26682364.05637200180  29729000.60972899940         0.00273970515
230621 185205.858 0  10000000.00033999980  41000000.00115799900  27454192.67144700140  99999999.99899999800        -0.00023599714
230621 185205.958 0   9999999.99983000010  41000000.01661799850  31590915.41092600300  99999999.99899999800         0.01731500030
230621 185206.054 0   9999999.99992699921  41000000.00720100100  29355206.72872299700  99999999.99899999800         0.00750030577
230621 185206.155 1   9999999.99998700060  40999999.99160199610  28175513.14323700220  24991081.53553500030        -0.00834470242
230621 185206.265 0   9999999.99978099950  41000000.01349999760  99999999.99899999800  99999999.99899999800         0.01439790428
230621 185206.356 0  10000000.00015800070  40999999.99635200200  44656385.18510411680  99999999.99899999800        -0.00429579616
230621 185206.476 0  10000000.00019600060  41000000.01246000080  28169683.35874000190  99999999.99899999800         0.01165640354
230621 185206.556 0   9999999.99920599908  41000000.01661700010  29158575.82973599810  24453519.25808100030         0.01987240463
230621 185206.666 0  10000000.00055000000  40999999.99904700370  28449952.90168499950  26471342.19030700250        -0.00320798904
230621 185206.756 0   9999999.99991399981  41000000.00661300120  99999999.99899999800  99999999.99899999800         0.00696560740
230621 185206.857 0  10000000.00019500030  41000000.01711899790   2780574.99235868547  99999999.99899999800         0.01631949842
230621 185206.957 0  10000000.00002500040  40999999.98407800500  43543457.39666569230  99999999.99899999800        -0.01602449268
230621 185207.052 0   9999999.99990200065  41000000.01927900310  99999999.99899999800  28876839.71146300060         0.01968080550
230621 185207.157 1   9999999.99981699884  41000000.00984700020  54304564.97003310920  99999999.99899999800         0.01059731096
230621 185207.267 0  10000000.00022000070  41000000.02067000420  99999999.99899999800  28928788.76899419720         0.01976800710
230621 185207.367 0   9999999.99940199964  41000000.01932200040  58773806.92372333260  99999999.99899999800         0.02177380770
230621 185207.457 0  10000000.00047600080  41000000.01682300120  99999999.99899999800  27573873.86871300270         0.01487140357
230621 185207.557 0   9999999.99965699948  40999999.99478800590  42232824.39557394390  99999999.99899999800        -0.00380568951
230621 185207.657 0  10000000.00014700000  41000000.01262199880  30548002.36422937740  99999999.99899999800         0.01201929897
230621 185207.757 0  10000000.00009799940  41000000.03046499940  30600374.08193856850  99999999.99899999800         0.03006320447
230621 185207.853 0   9999999.99991500005  40999999.97868999840  33713326.03239242730  26991439.13828200100        -0.02096150070
230621 185207.968 0   9999999.99973100051  41000000.01530599590  31819382.36878700180  27893171.70986299960         0.01640889794
230621 185208.054 0  10000000.00036700070  41000000.04144199940  29420642.30207003280  99999999.99899999800         0.03993730247
230621 185208.160 1   9999999.99957199954  41000000.01076699790  28542647.91074696930  25992556.90814509990         0.01252180338
230621 185208.260 0  10000000.00016999990  40999999.98327799890  28227791.62011440840  99999999.99899999800        -0.01741899550
230621 185208.370 0  10000000.00024499930  41000000.03483700010  30869383.53385359050  99999999.99899999800         0.03383250535
230621 185208.460 0   9999999.99954799935  40999999.99590000510  30626493.69205660370  99999999.99899999800        -0.00224678963
230621 185208.570 0  10000000.00022100100  41000000.04228600110  28385111.83383440230  99999999.99899999800         0.04137989879
230621 185208.660 0  10000000.00007200060  40999999.97478000070  30489329.50762790070  99999999.99899999800        -0.02551519871
230621 185208.760 0   9999999.99953700043  41000000.01360899960  29689047.05424910040  99999999.99899999800         0.01550730318
230621 185208.853 0  10000000.00052400120  41000000.00991300490  30246482.92904140060  99999999.99899999800         0.00776460022
230621 185208.963 0   9999999.99969499931  41000000.01896899940  28339619.69573859870  99999999.99899999800         0.02021950483
230621 185209.054 0   9999999.99984100088  41000000.03803700210  29656095.89724389840  99999999.99899999800         0.03868890554
230621 185209.159 1  10000000.00050099940  40999999.98718199880  29054611.16795409840  99999999.99899999800        -0.01487209648
230621 185209.260 0   9999999.99949900061  41000000.00745800140  28948580.93657169860  28182206.13745199890         0.00951210409
230621 185209.365 0  10000000.00029399990  41000000.04118900000  29617706.90747130290  28942431.46062599870         0.03998360038
230621 185209.465 0  10000000.00008500000  41000000.00565999750  32605075.50288710000  27119458.61247900130         0.00531150401
230621 185209.555 0   9999999.99986599945  41000000.00460699950  30712574.19519689680  99999999.99899999800         0.00515640527
230621 185209.665 0  10000000.00023199990  41000000.01140999790  33129246.33267019690  99999999.99899999800         0.01045880467
230621 185209.755 0   9999999.99984000064  40999999.99494600300  28778924.28885079920  99999999.99899999800        -0.00439799577
230621 185209.855 0   9999999.99970800057  41000000.03072699900  30318573.53062849860  99999999.99899999800         0.03192420304
230621 185209.972 0  10000000.00028100050  40999999.96541500090  32782749.34369950000  99999999.99899999800        -0.03573709726
230621 185210.057 0   9999999.99980399944  41000000.03248699750  29538188.60426200180  99999999.99899999800         0.03329060227
230621 185210.159 1  10000000.00031800010  41000000.00935100020  28170072.65453999860  28154739.15366199610         0.00804720074
230621 185210.259 0  10000000.00018300120  41000000.02313099800  27584618.48970440030  30188865.07872700320         0.02238069475
230621 185210.366 0   9999999.99954799935  40999999.99383500220  32508054.20173760130  29950399.47479499880        -0.00431179255
230621 185210.466 0  10000000.00055000000  41000000.02247300000  33103866.66250190140  99999999.99899999800         0.02021800727
230621 185210.556 0   9999999.99919399992  41000000.02612099800  28064148.59738610310  99999999.99899999800         0.02942559868
230621 185210.666 0  10000000.00048800000  41000000.00951299820  28339372.39150399710  99999999.99899999800         0.00751220435
230621 185210.756 0   9999999.99978099950  41000000.00806800280  31530324.77795400100  99999999.99899999800         0.00896590948
230621 185210.852 0   9999999.99982799962  40999999.99723900110  29330403.97034460310  99999999.99899999800        -0.00205579400
230621 185210.965 0  10000000.00017200040  41000000.06551799920  30277088.12972839920  99999999.99899999800         0.06481280178
230621 185211.072 0  10000000.00002400020  40999999.96181499960  32771848.50186329710  99999999.99899999800        -0.03828340024
230621 185211.171 1   9999999.99993900023  41000000.00725200030  32381427.52801970020  99999999.99899999800         0.00750210136
230621 185211.261 0  10000000.00004900060  41000000.04003600030  31249166.94405680150  99999999.99899999800         0.03983510286
230621 185211.369 0   9999999.99980399944  40999999.97542800010  28989839.52054319900  99999999.99899999800        -0.02376839519
230621 185211.459 0   9999999.99986599945  41000000.04523800310  29288860.55400099980  99999999.99899999800         0.04578740895
230621 185211.559 0  10000000.00011099880  41000000.02337899800  29342954.68059299890  99999999.99899999800         0.02292390913
230621 185211.679 0  10000000.00030500070  40999999.98819400370  99999999.99899999800  26489985.58452799920        -0.01305649430
230621 185211.759 0  10000000.00019400010  41000000.05704399940  56291428.24157100920  28116569.32315599920         0.05624860525
230621 185211.855 0  10000000.00006200000  40999999.99119699750  99999999.99899999800  28898195.35929000000        -0.00905720145
230621 185211.961 0   9999999.99965799972  41000000.00841199610  41837128.14398950340  25890110.20045800130         0.00981420279
230621 185212.053 0  10000000.00029299970  41000000.00810600070  31139446.47282700240  27033620.30316700040         0.00690470636
230621 185212.151 1  10000000.00031699980  41000000.01566399630  28800137.15366199990  99999999.99899999800         0.01436430216
230621 185212.253 0  10000000.00002400020  40999999.99208900330  28449778.87111799790  99999999.99899999800        -0.00800939649
230621 185212.353 0   9999999.99983000010  41000000.01301299780  28419070.11321999880  99999999.99899999800         0.01370999962
230621 185212.462 0   9999999.99963399954  40999999.98419300470  99999999.99899999800  99999999.99899999800        -0.01430638880
230621 185212.572 0   9999999.99992599897  41000000.02897699920  42613138.46996282040  29725261.26433699950         0.02928040922
230621 185212.662 0  10000000.00041499920  41000000.01466299590  29768080.78549800070  28463983.77613500130         0.01296149939
230621 185212.757 0   9999999.99979200028  41000000.04979199920  31530999.26612500100  29796222.76152399930         0.05064480007
230621 185212.853 0   9999999.99965899996  40999999.98543700580  99999999.99899999800  30500304.35695800190        -0.01316489279
230621 185212.963 0  10000000.00051300040  41000000.01856300230  42496378.85636322950  25772363.98002300040         0.01645970345
230621 185213.054 0   9999999.99942499958  41000000.02828599510  28291067.45355499910  26091596.20800200100         0.03064350039
230621 185213.163 1  10000000.00030500070  41000000.01065699760  30693326.83294999970  27815218.57556100190         0.00940649956
230621 185213.257 0  10000000.00002600070  40999999.99909400200  33536379.45268199590  99999999.99899999800        -0.00101259351
230621 185213.364 0   9999999.99995099939  41000000.03304500130  30515168.54428399730  99999999.99899999800         0.03324590623
230621 185213.466 0   9999999.99976699986  40999999.99639099840  29893921.81228400020  26414786.78424700350        -0.00265369564
230621 185213.556 0  10000000.00057500040  41000000.02461899820  30952926.41536499930  28717535.17822299900         0.02226150036
230621 185213.656 0   9999999.99963399954  40999999.99485000220  28635654.90683900190  27887284.61484400180        -0.00364939123
230621 185213.761 0  10000000.00007300080  40999999.99830199780  29467992.84349100290  27022237.99727100130        -0.00199729949
230621 185213.857 0   9999999.99984100088  41000000.03663099560  30592453.24404600260  27459172.29635000230         0.03728289902
230621 185213.962 0  10000000.00007300080  40999999.98973800240  27335262.16856399920  26261969.05260699990        -0.01056129485
230621 185214.058 0   9999999.99971999973  41000000.02263099700  29069774.38257100060  27561787.20539499820         0.02377900481
230621 185214.161 1  10000000.00050000100  41000000.01730899510  99999999.99899999800  99999999.99899999800         0.01525899768
230621 185214.258 0   9999999.99977999926  40999999.98979599770  60055260.15443120150  99999999.99899999800        -0.00930199772
230621 185214.378 0  10000000.00033000110  41000000.00990900400  31493644.08301999790  26471699.02712400260         0.00855600089
230621 185214.458 0  10000000.00018200090  41000000.04769299920  29017484.78498499840  29547620.57803899790         0.04694680125
230621 185214.568 0   9999999.99997599982  40999999.98884200300  99999999.99899999800  99999999.99899999800        -0.01105958968
230621 185214.668 0   9999999.99975600094  41000000.02636900540  42826051.61332056670  99999999.99899999800         0.02736940235
230621 185214.758 0   9999999.99991399981  40999999.99099300060  30405499.20699200030  99999999.99899999800        -0.00865439326
230621 185214.853 0  10000000.00012299980  40999999.98338700090  27382496.82584200050  99999999.99899999800        -0.01711729169
230621 185214.957 0   9999999.99976800010  41000000.02302099760  99999999.99899999800  99999999.99899999800         0.02397219837
230621 185215.053 0  10000000.00067100120  40999999.99374900010  43894449.01626960930  99999999.99899999800        -0.00900210440
230621 185215.177 1   9999999.99988999963  41000000.02090900390  30783889.00081799920  99999999.99899999800         0.02136000991
230621 185215.253 0  10000000.00024399910  40999999.99155499790  30803577.01977500320  99999999.99899999800        -0.00944539160
230621 185215.353 0   9999999.99962299876  41000000.04343099890  29239004.59115000070  27400762.87216799710         0.04497671127
230621 185215.463 0  10000000.00002299990  40999999.98604799810  30282247.85141000150  99999999.99899999800        -0.01404629648
230621 185215.553 0  10000000.00009799940  41000000.00444400310  30176222.25639000160  99999999.99899999800         0.00404220819
230621 185215.653 0   9999999.99971999973  41000000.01201099900  99999999.99899999800  99999999.99899999800         0.01315900683
230621 185215.771 0   9999999.99997499958  40999999.99925599990  44271162.58355897660  99999999.99899999800        -0.00064149499
230621 185215.850 0   9999999.99992699921  41000000.00435899940  29667869.13647499680  99999999.99899999800         0.00465830415
230621 185215.976 0  10000000.00013400060  41000000.03208100050  99999999.99899999800  99999999.99899999800         0.03153160214
230621 185216.072 0   9999999.99998800084  41000000.01611299810   2629616.17112896359  27196482.75467500090         0.01616220176
230621 185216.178 1   9999999.99968300015  40999999.97337299590  46652091.74116873740  28630515.58999099580        -0.02532730252
230621 185216.258 0  10000000.00016999990  41000000.05830299850  30475877.83554700020  28598925.51567399870         0.05760600418
230621 185216.368 0  10000000.00033000110  40999999.99945099650  29346650.00210000200  27975208.24387200180        -0.00190200657
230621 185216.458 0   9999999.99998700060  41000000.00180800260  29368270.83980700000  28775830.98651099950         0.00186130404
230621 185216.558 0  10000000.00011099880  41000000.02671699970  30646235.17808199670  99999999.99899999800         0.02626191080
230621 185216.678 0   9999999.99974299967  41000000.02037499840  29759113.89074100180  99999999.99899999800         0.02142870426
230621 185216.758 0   9999999.99988999963  41000000.00650899860  30923894.40182499960  99999999.99899999800         0.00696000457
230621 185216.854 0  10000000.00008600020  40999999.99714399870  29621595.15813599900  99999999.99899999800        -0.00320859998
230621 185216.960 0  10000000.00014599970  41000000.01646500080  99999999.99899999800  99999999.99899999800         0.01586640626
230621 185217.071 0  10000000.00006099980  41000000.00640899690   3483757.76000439422  99999999.99899999800         0.00615890324
230621 185217.166 1  10000000.00000000000  41000000.03288699690   3800538.46608897857  99999999.99899999800         0.03288699687
230621 185217.256 0  10000000.00013500080  40999999.99833600220  41475000.11897796390  99999999.99899999800        -0.00221749395
230621 185217.356 0   9999999.99975600094  41000000.02433300020  99999999.99899999800  27710911.65570000190         0.02533339709
230621 185217.458 0  10000000.00000000000  41000000.00450100000  44812886.32439251990  27814628.65233200040         0.00450100005
230621 185217.558 0  10000000.00026799920  41000000.03463299570  26771101.15885600080  26219626.72624500100         0.03353419900
230621 185217.668 0   9999999.99987800047  41000000.00485900040  29125444.83032900100  29148642.94296300040         0.00535920262
230621 185217.758 0   9999999.99990200065  41000000.04278600220  30052192.70197100190  28762400.90974700080         0.04318780452
230621 185217.854 0  10000000.00008600020  40999999.98313999920  27751899.95957000180  29283162.46803000200        -0.01721259952
230621 185217.959 0   9999999.99996300042  41000000.00790099800  99999999.99899999800  28467131.21895700320         0.00805269927
230621 185218.059 0  10000000.00001199920  41000000.00785800070   6142350.09700717870  28919607.50922900070         0.00780880451
230621 185218.172 1   9999999.99956000038  41000000.03463299570  44078716.14875091610  27366177.80376600100         0.03643699735
230621 185218.262 0   9999999.99995099939  41000000.00175900010  30504527.18272700160  99999999.99899999800         0.00195990503
230621 185218.372 0  10000000.00031900030  41000000.02486199890  29211014.55448000130  99999999.99899999800         0.02355410159
230621 185218.472 0   9999999.99973000027  41000000.00400599840  28247677.10736100000  99999999.99899999800         0.00511299819
230621 185218.582 0  10000000.00002500040  41000000.01136299970  28566223.02890699730  99999999.99899999800         0.01126050204
230621 185218.662 0   9999999.99983000010  41000000.03468000140  31621274.36863999810  24590836.57922400160         0.03537700325
230621 185218.762 0  10000000.00037800150  40999999.98388800020  99999999.99899999800  28644172.80286899950        -0.01766180247
230621 185218.866 0   9999999.99997599982  41000000.02657400070  99999999.99899999800  30095822.85071399810         0.02667240798
230621 185218.957 0  10000000.00029199940  40999999.97402700040  45041902.56774193790  29437297.60535299780        -0.02717019618
230621 185219.053 0   9999999.99942700006  41000000.05666200070  30990916.90095800160  29764779.64013599600         0.05901130289
230621 185219.166 1  10000000.00010900010  40999999.97336400300  28318492.60370500010  99999999.99899999800        -0.02708289027
230621 185219.262 0  10000000.00050099940  41000000.00896000120  29345951.45944200080  99999999.99899999800         0.00690590590
230621 185219.372 0   9999999.99952399917  41000000.00736200060  30396096.98560200260  99999999.99899999800         0.00931360573
230621 185219.462 0  10000000.00012199950  41000000.00826399770  30273788.74531299620  99999999.99899999800         0.00776380301
230621 185219.562 0   9999999.99980399944  41000000.03788000350  28663266.08309300240  99999999.99899999800         0.03868360817
230621 185219.662 0  10000000.00006099980  40999999.96596299860  30836319.41512399910  99999999.99899999800        -0.03428709507
230621 185219.762 0  10000000.00020799970  41000000.01966999470  32157331.87063600120  28889430.86814600230         0.01881720126
230621 185219.872 0   9999999.99973100051  41000000.03453200310  99999999.99899999800  27442259.53137800100         0.03563490510
230621 185219.958 0  10000000.00014700000  40999999.99150300030  57559048.00902423260  27080543.67170400170        -0.00909969956
230621 185220.059 0  10000000.00034200030  40999999.99538400020  27942495.19046000390  99999999.99899999800        -0.00601819903
230621 185220.165 1   9999999.99986599945  41000000.02323199810  27729891.09989099950  99999999.99899999800         0.02378140390
230621 185220.265 0  10000000.00002500040  41000000.00560300050  27877712.43408199770  99999999.99899999800         0.00550050288
230621 185220.365 0  10000000.00003500100  41000000.02883400020  99999999.99899999800  99999999.99899999800         0.02869050205
230621 185220.455 0   9999999.99994000047  40999999.98513200130   5310039.40163323842  99999999.99899999800        -0.01462199539
230621 185220.555 0  10000000.00005999950  41000000.00765299800   3560251.44670399325  99999999.99899999800         0.00740700215
230621 185220.665 0  10000000.00011099880  41000000.01236499850  45310695.06484545020  99999999.99899999800         0.01190990955
230621 185220.761 0   9999999.99981699884  41000000.00910700110  27840775.73733599860  99999999.99899999800         0.00985731184
230621 185220.866 0  10000000.00018300120  41000000.01036199930  29440388.44560499860  99999999.99899999800         0.00961169600
230621 185220.962 0   9999999.99957199954  41000000.01285599920  28519403.12766099720  99999999.99899999800         0.01461080462
230621 185221.058 0  10000000.00026799920  41000000.00555499640  30276157.73059099910  25357572.13572400060         0.00445619971
230621 185221.161 1   9999999.99986699969  41000000.01266899700  99999999.99899999800  25964436.37773999940         0.01321430504
230621 185221.257 0   9999999.99986499920  41000000.01146399970   2043213.32442819187  27870233.57232700290         0.01201750338
230621 185221.367 0  10000000.00041499920  41000000.01430499550  43196350.54299809040  30672545.37993099910         0.01260349900
230621 185221.457 0   9999999.99969499931  41000000.00795799490  30692118.30280799790  27235901.30882000180         0.00920850039
230621 185221.557 0  10000000.00000000000  41000000.00926500560  31039449.93099899960  99999999.99899999800         0.00926500559
230621 185221.667 0  10000000.00015800070  41000000.02347499880  28896444.17903500050  99999999.99899999800         0.02282720059
230621 185221.767 0   9999999.99987900071  40999999.98403500020  99999999.99899999800  99999999.99899999800        -0.01546889544
230621 185221.868 0   9999999.99977999926  41000000.02371799950   2734476.19966293126  99999999.99899999800         0.02462000400
230621 185221.964 0   9999999.99993799999  41000000.01131500300   2469010.28012725106  99999999.99899999800         0.01156920940
230621 185222.070 0  10000000.00012299980  41000000.03753700110  50293914.86888353530  99999999.99899999800         0.03703270853
230621 185222.160 1  10000000.00003699960  40999999.99638599900  30695506.35816600170  99999999.99899999800        -0.00376569480
230621 185222.260 0  10000000.00061099980  41000000.01867699620  28722919.46290300040  99999999.99899999800         0.01617190242
230621 185222.370 0   9999999.99976699986  40999999.99309100210  30151352.83936800060  29018661.54659999910        -0.00595369190
230621 185222.460 0   9999999.99971999973  41000000.03603500130  30688659.07989500090  25995241.68965499850         0.03718300909
230621 185222.560 0   9999999.99993799999  40999999.99129699920  32196390.09045400100  26367257.89009999860        -0.00844879448
230621 185222.670 0  10000000.00034200030  41000000.04409299790  29918818.83211699870  28972893.89646000420         0.04269079864
230621 185222.760 0   9999999.99995099939  41000000.00259900090  30832782.34835200010  26934766.17133200170         0.00279990584
230621 185222.871 0  10000000.00007400100  41000000.03513400260  31609624.31810900200  99999999.99899999800         0.03483060002
230621 185222.963 0   9999999.99971899949  41000000.00510200110  32382941.40493799750  99999999.99899999800         0.00625410676
230621 185223.059 0   9999999.99988999963  41000000.02217699590  32403238.92105700080  28271731.67691700160         0.02262800187
230621 185223.165 1   9999999.99970700033  41000000.01161099970  31507750.86485600100  26681469.13545500110         0.01281230152
230621 185223.255 0  10000000.00031699980  41000000.01611299810  307634